856797
856802
856807
856808
856809
856810
856811
856812
856813
856814
856815
856816
856817
856818
856819
856820
856821
856822
856823
856824
856825
856826
856827
856828
856829
856830
856831
856832
856833
856834
856835
856836
856837
856838
856839
856840
856841
856842
856843
856844
856845
856846
856847
856848
856849
856850
856851
856852
856853
856854
856855
856856
856857
856858
856859
856860
856861
856862
856863
856864
856865
856866
856867
856868
856869
856870
856871
856872
856873
856874
856875
856876
856877
856878
856879
856880
856881
856882
856883
856884
856885
856886
856887
856888
856889
856890
856891
856892
856893
856894
856895
856896
856897
856898
856899
856900
856901
856902
856903
856904
856905
856906
856907
856908
856909
856910
856911
856912
856913
856914
856915
856916
856917
856918
856919
856920
856921
856922
856923
856924
856925
856926
856927
856928
856929
856930
856931
856932
856933
856934
856935
856936
856937
856938
856939
856940
856941
856942
856943
856944
856945
856946
856947
856948
856949
856950
856951
856952
856953
856954
856955
856956
856957
856958
856959
856960
856961
856962
856963
856964
856965
856966
856967
856968
856969
856970
856971
856972
856973
856974
856975
856976
856977
856978
856979
856980
856981
856982
856983
856984
856985
856986
856987
856988
856989
856990
856991
856992
856993
856994
856995
856996
856997
856998
856999
857000
857001
857002
857003
857004
857005
857006
857007
857008
857009
857010
857011
857012
857013
857014
857015
857016
857017
857018
857019
857020
857021
857022
857023
857024
857025
857026
857027
857028
857029
857030
857031
857032
857033
857034
857035
857036
857037
857038
857039
857040
857041
857042
857043
857044
857045
857046
857047
857048
857049
857050
857051
857052
857053
857054
857055
857056
857057
857058
857059
857060
857061
857062
857063
857064
857065
857066
857067
857068
857069
857070
857071
857072
857073
857074
857075
857076
857077
857078
857079
857080
857081
857082
857083
857084
857085
857086
857087
857088
857089
857090
857091
857092
857093
857094
857095
857096
857097
857098
857099
857100
857101
857102
857103
857104
857105
857106
857107
857108
857109
857110
857111
857112
857113
857114
857115
857116
857117
857118
857119
857120
857121
857122
857123
857124
857125
857126
857127
857128
857129
857130
857131
857132
857133
857134
857135
857136
857137
857138
857139
857140
857141
857142
857143
857144
857145
857146
857147
857148
857149
857150
857151
857152
857153
857154
857155
857156
857157
857158
857159
857160
857161
857162
857163
857164
857165
857166
857167
857168
857169
857170
857171
857172
857173
857174
857175
857176
857177
857178
857179
857180
857181
857182
857183
857184
857185
857186
857187
857188
857189
857190
857191
857192
857193
857194
857195
857196
857197
857198
857199
857200
857201
857202
857203
857204
857205
857206
857207
857208
857209
857210
857211
857212
857213
857214
857215
857216
857217
857218
857219
857220
857221
857222
857223
857224
857225
857226
857227
857228
857229
857230
857231
857232
857233
857234
857235
857236
857237
857238
857239
857240
857241
857242
857243
857244
857245
857246
857247
857248
857249
857250
857251
857252
857253
857254
857255
857256
857257
857258
857259
857260
857261
857262
857263
857264
857265
857266
857267
857268
857269
857270
857271
857272
857273
857274
857275
857276
857277
857278
857279
857280
857281
857282
857283
857284
857285
857286
857287
857288
857289
857290
857291
857292
857293
857294
857295
857296
857297
857298
857299
857300
857301
857302
857303
857304
857305
857306
857307
857308
857309
857310
857311
857312
857313
857314
857315
857316
857317
857318
857319
857320
857321
857322
857323
857324
857325
857326
857327
857328
857329
857330
857331
857332
857333
857334
857335
857336
857337
857338
857339
857340
857341
857342
857343
857344
857345
857346
857347
857348
857349
857350
857351
857352
857353
857354
857355
857356
857357
857358
857359
857360
857361
857362
857363
857364
857365
857366
857367
857368
857369
857370
857371
857372
857373
857374
857375
857376
857377
857378
857379
857380
857381
857382
857383
857384
857385
857386
857387
857388
857389
857390
857391
857392
857393
857394
857395
857396
857397
857398
857399
857400
857401
857402
857403
857404
857405
857406
857407
857408
857409
857410
857411
857412
857413
857414
857415
857416
857417
857418
857419
857420
857421
857422
857423
857424
857425
857426
857427
857428
857429
857430
857431
857432
857433
857434
857435
857436
857437
857438
857439
857440
857441
857442
857443
857444
857445
861690
861691
861692
861693
861694
861695
861696
861697
861698
861699
861700
861701
861702
861703
861704
861705
861706
861707
861708
861709
861710
861711
861712
861713
861714
861715
861716
861717
861718
861719
861720
861721
861722
861723
861724
861725
861726
861727
861728
861729
861730
861731
861732
861733
861734
861735
861736
861737
861738
861739
861740
861741
861742
861743
861744
861745
861746
861747
861748
861749
861750
861751
861752
861753
861754
861755
861756
861757
861758
861759
861760
861761
861762
861763
861764
861765
861766
861767
861768
861769
861770
861771
861772
861773
861774
861775
861776
861777
861778
861779
861780
861781
861782
861783
861784
861785
861786
861787
861788
861789
861790
861791
861792
861793
861794
861795
861796
861797
861798
861799
861800
861801
861802
861803
861804
861805
861806
861807
861808
861809
861810
861811
861812
861813
861814
861815
861816
861817
861818
861819
861820
861821
861822
861823
861824
861825
861826
861827
861828
861829
861830
861831
861832
861833
861834
861835
861836
861837
861838
861839
861840
861841
861842
861843
861844
861845
861846
861847
861848
861849
861850
861851
861852
861853
861854
861855
861856
861857
861858
861859
861860
861861
861862
861863
861864
861865
861866
861867
861868
861869
861870
861871
861872
861873
861874
861875
861876
861877
861878
861879
861880
861881
861882
861883
861884
861885
861886
861887
861888
861889
861890
861891
861892
861893
861894
861895
861896
861897
861898
861899
861900
861901
861902
861903
861904
861905
861906
861907
861908
861909
861910
861911
861912
861913
861914
861915
861916
861917
861918
861919
861920
861921
861922
861923
861924
861925
861926
861927
861928
861929
861930
861931
861932
861933
861934
861935
861936
861937
861938
861939
861940
861941
861942
861943
861944
861945
861946
861947
861948
861949
861950
861951
861952
861953
861954
861955
861956
861957
861958
861959
861960
861961
861962
861963
861964
861965
861966
861967
861968
861969
861970
861971
861972
861973
861974
861975
861976
861977
861978
861979
861980
861981
861982
861983
861984
861985
861986
861987
861988
861989
861990
861991
861992
861993
861994
861995
861996
861997
861998
861999
862000
862001
862002
862003
862004
862005
862006
862007
862008
866911
866912
866913
866914
866915
866916
866917
866918
866919
866920
866921
866922
866923
866924
866925
866926
866927
866928
866929
866930
866931
866932
866933
866934
866935
866936
866937
866938
866939
866940
866941
866942
866943
866944
866945
866946
866947
866948
866949
866950
866951
866952
866953
866954
866955
866956
866957
866958
866959
866960
866961
866962
866963
866964
866965
866966
866967
866968
866969
866970
866971
866972
866973
866974
866975
866976
866977
866978
866979
866980
866981
866982
866983
866984
866985
866986
866987
866988
866989
866990
866991
866992
866993
866994
866995
866996
866997
866998
866999
867000
867001
867002
867003
867004
867005
867006
867007
867008
867009
867010
867011
867012
867013
867014
867015
867016
867017
867018
867019
867020
867021
867022
867023
867024
867025
867026
867027
867028
867029
867030
867031
867032
867033
867034
867035
867036
867037
867038
867039
867040
867041
867042
867043
867044
867045
867046
867047
867048
867049
867050
867051
867052
867053
867054
867055
867056
867057
867058
867059
867060
867061
867062
867063
867064
867065
867066
867067
867068
867069
867070
867071
867072
867073
867074
867075
867076
867077
867078
867079
867080
867081
867082
867083
867084
867085
867086
867087
867088
867089
867090
867091
867092
867093
867094
867095
867096
867097
867098
867099
867100
867101
867102
867103
867104
867105
867106
867107
867108
867109
867110
867111
867112
867113
867114
867115
867116
867117
867118
867119
867120
867121
867122
867123
867124
867125
867126
867127
867128
867129
867130
867131
867132
867133
867134
867135
867136
867137
867138
867139
867140
867141
867142
867143
867144
867145
867146
867147
867148
867149
867150
867151
867152
867153
867154
867155
867156
867157
867158
867159
867160
867161
867162
867163
867164
867165
867166
867167
867168
867169
867170
867171
867172
867173
867174
867175
867176
867177
867178
867179
867180
867181
867182
867183
867184
867185
867186
867187
867188
867189
867190
867191
867192
867193
867194
867195
867196
867197
867198
867199
867200
867201
867202
867203
867204
867205
867206
867207
867208
867209
867210
867211
867212
867213
867214
867215
867216
867217
867218
867219
867220
867221
867222
867223
867224
867225
867226
867227
867228
867229
933616
933617
933618
933619
933620
933621
933622
933623
933624
933625
933626
933627
933628
933629
933630
933631
933632
933633
933634
933635
933636
933637
933638
933639
933640
933641
933642
933643
933644
933645
933646
933647
933648
933649
933650
933651
933652
933653
933654
933655
933656
933657
933658
933659
933660
933661
933662
933663
933664
933665
933666
933667
933668
933669
933670
933671
933672
933673
933674
933675
933676
933677
933678
933679
933680
933681
933682
933683
933684
933685
933686
933687
933688
933689
933690
933691
933692
933693
933694
933695
933696
933697
933698
933699
933700
933701
933702
933703
933704
933705
933706
933707
933708
933709
933710
933711
933712
933713
933714
933715
933716
933717
933718
933719
933720
933721
933722
933723
933724
933725
933726
933727
933728
933729
933730
933731
933732
933733
933734
933735
933736
933737
933738
933739
933740
933741
933742
933743
933744
933745
933746
933747
933748
933749
933750
933751
933752
933753
933754
933755
933756
933757
933758
933759
933760
933761
933762
933763
933764
933765
933766
933767
933768
933769
933770
933771
933772
933773
933774
933775
933776
933777
933778
933779
933780
933781
933782
933783
933784
933785
933786
933787
933788
933789
933790
933791
933792
933793
933794
933795
933796
933797
933798
933799
933800
933801
933802
933803
933804
933805
933806
933807
933808
933809
933810
933811
933812
933813
933814
933815
933816
933817
933818
933819
933820
933821
933822
933823
933824
933825
933826
933827
933828
933829
933830
933831
933832
933833
933834
933835
933836
933837
933838
933839
933840
933841
933842
933843
933844
933845
933846
933847
933848
933849
933850
933851
933852
933853
933854
933855
933856
933857
933858
933859
933860
933861
933862
933863
933864
933865
933866
933867
933868
933869
933870
933871
933872
933873
933874
933875
933876
933877
933878
933879
933880
933881
933882
933883
933884
933885
933886
933887
933888
933889
933890
933891
933892
933893
933894
933895
933896
933897
933898
933899
933900
933901
933902
933903
933904
933905
933906
933907
933908
933909
933910
933911
933912
933913
933914
933915
933916
933917
933918
933919
933920
933921
933922
933923
933924
933925
933926
933927
933928
933929
933930
933931
933932
933933
933934