856797
856802
856807
856808
856809
856810
856811
856812
856813
856814
856815
856816
856817
856818
856819
856820
856821
856822
856823
856824
856825
856826
856827
856828
856829
856830
856831
856832
856833
856834
856835
856836
856837
856838
856839
856840
856841
856842
856843
856844
856845
856846
856847
856848
856849
856850
856851
856852
856853
856854
856855
856856
856857
856858
856859
856860
856861
856862
856863
856864
856865
856866
856867
856868
856869
856870
856871
856872
856873
856874
856875
856876
856877
856878
856879
856880
856881
856882
856883
856884
856885
856886
856887
856888
856889
856890
856891
856892
856893
856894
856895
856896
856897
856898
856899
856900
856901
856902
856903
856904
856905
856906
856907
856908
856909
856910
856911
856912
856913
856914
856915
856916
856917
856918
856919
856920
856921
856922
856923
856924
856925
856926
856927
856928
856929
856930
856931
856932
856933
856934
856935
856936
856937
856938
856939
856940
856941
856942
856943
856944
856945
856946
856947
856948
856949
856950
856951
856952
856953
856954
856955
856956
856957
856958
856959
856960
856961
856962
856963
856964
856965
856966
856967
856968
856969
856970
856971
856972
856973
856974
856975
856976
856977
856978
856979
856980
856981
856982
856983
856984
856985
856986
856987
856988
856989
856990
856991
856992
856993
856994
856995
856996
856997
856998
856999
857000
857001
857002
857003
857004
857005
857006
857007
857008
857009
857010
857011
857012
857013
857014
857015
857016
857017
857018
857019
857020
857021
857022
857023
857024
857025
857026
857027
857028
857029
857030
857031
857032
857033
857034
857035
857036
857037
857038
857039
857040
857041
857042
857043
857044
857045
857046
857047
857048
857049
857050
857051
857052
857053
857054
857055
857056
857057
857058
857059
857060
857061
857062
857063
857064
857065
857066
857067
857068
857069
857070
857071
857072
857073
857074
857075
857076
857077
857078
857079
857080
857081
857082
857083
857084
857085
857086
857087
857088
857089
857090
857091
857092
857093
857094
857095
857096
857097
857098
857099
857100
857101
857102
857103
857104
857105
857106
857107
857108
857109
857110
857111
857112
857113
857114
857115
857116
857117
857118
857119
857120
857121
857122
857123
857124
857125
857126
857127
857128
857129
857130
857131
857132
857133
857134
857135
857136
857137
857138
857139
857140
857141
857142
857143
857144
857145
857146
857147
857148
857149
857150
857151
857152
857153
857154
857155
857156
857157
857158
857159
857160
857161
857162
857163
857164
857165
857166
857167
857168
857169
857170
857171
857172
857173
857174
857175
857176
857177
857178
857179
857180
857181
857182
857183
857184
857185
857186
857187
857188
857189
857190
857191
857192
857193
857194
857195
857196
857197
857198
857199
857200
857201
857202
857203
857204
857205
857206
857207
857208
857209
857210
857211
857212
857213
857214
857215
857216
857217
857218
857219
857220
857221
857222
857223
857224
857225
857226
857227
857228
857229
857230
857231
857232
857233
857234
857235
857236
857237
857238
857239
857240
857241
857242
857243
857244
857245
857246
857247
857248
857249
857250
857251
857252
857253
857254
857255
857256
857257
857258
857259
857260
857261
857262
857263
857264
857265
857266
857267
857268
857269
857270
857271
857272
857273
857274
857275
857276
857277
857278
857279
857280
857281
857282
857283
857284
857285
857286
857287
857288
857289
857290
857291
857292
857293
857294
857295
857296
857297
857298
857299
857300
857301
857302
857303
857304
857305
857306
857307
857308
857309
857310
857311
857312
857313
857314
857315
857316
857317
857318
857319
857320
857321
857322
857323
857324
857325
857326
857327
857328
857329
857330
857331
857332
857333
857334
857335
857336
857337
857338
857339
857340
857341
857342
857343
857344
857345
857346
857347
857348
857349
857350
857351
857352
857353
857354
857355
857356
857357
857358
857359
857360
857361
857362
857363
857364
857365
857366
857367
857368
857369
857370
857371
857372
857373
857374
857375
857376
857377
857378
857379
857380
857381
857382
857383
857384
857385
857386
857387
857388
857389
857390
857391
857392
857393
857394
857395
857396
857397
857398
857399
857400
857401
857402
857403
857404
857405
857406
857407
857408
857409
857410
857411
857412
857413
857414
857415
857416
857417
857418
857419
857420
857421
857422
857423
857424
857425
857426
857427
857428
857429
857430
857431
857432
857433
857434
857435
857436
857437
857438
857439
857440
857441
857442
857443
857444
857445
861690
861691
861692
861693
861694
861695
861696
861697
861698
861699
861700
861701
861702
861703
861704
861705
861706
861707
861708
861709
861710
861711
861712
861713
861714
861715
861716
861717
861718
861719
861720
861721
861722
861723
861724
861725
861726
861727
861728
861729
861730
861731
861732
861733
861734
861735
861736
861737
861738
861739
861740
861741
861742
861743
861744
861745
861746
861747
861748
861749
861750
861751
861752
861753
861754
861755
861756
861757
861758
861759
861760
861761
861762
861763
861764
861765
861766
861767
861768
861769
861770
861771
861772
861773
861774
861775
861776
861777
861778
861779
861780
861781
861782
861783
861784
861785
861786
861787
861788
861789
861790
861791
861792
861793
861794
861795
861796
861797
861798
861799
861800
861801
861802
861803
861804
861805
861806
861807
861808
861809
861810
861811
861812
861813
861814
861815
861816
861817
861818
861819
861820
861821
861822
861823
861824
861825
861826
861827
861828
861829
861830
861831
861832
861833
861834
861835
861836
861837
861838
861839
861840
861841
861842
861843
861844
861845
861846
861847
861848
861849
861850
861851
861852
861853
861854
861855
861856
861857
861858
861859
861860
861861
861862
861863
861864
861865
861866
861867
861868
861869
861870
861871
861872
861873
861874
861875
861876
861877
861878
861879
861880
861881
861882
861883
861884
861885
861886
861887
861888
861889
861890
861891
861892
861893
861894
861895
861896
861897
861898
861899
861900
861901
861902
861903
861904
861905
861906
861907
861908
861909
861910
861911
861912
861913
861914
861915
861916
861917
861918
861919
861920
861921
861922
861923
861924
861925
861926
861927
861928
861929
861930
861931
861932
861933
861934
861935
861936
861937
861938
861939
861940
861941
861942
861943
861944
861945
861946
861947
861948
861949
861950
861951
861952
861953
861954
861955
861956
861957
861958
861959
861960
861961
861962
861963
861964
861965
861966
861967
861968
861969
861970
861971
861972
861973
861974
861975
861976
861977
861978
861979
861980
861981
861982
861983
861984
861985
861986
861987
861988
861989
861990
861991
861992
861993
861994
861995
861996
861997
861998
861999
862000
862001
862002
862003
862004
862005
862006
862007
862008